#592.5312	417.4375
224.68200800 21.34811500 533.5 397.4375
224.72218100 21.30449000 425.6250 498.6875
224.64794700 21.29192100 598.7812 549.3438
224.62400400 21.31596200 662.9062 494.2188
224.60119000 21.32686400 719.9375 471.8125
224.58803400 21.29552800 742.75 555.9688
224.58190000 21.34803000 771.1250 424
224.59915900 21.39462700 743.1562 299.8125
224.60026300 21.40940500 744.9375 261.5312
224.62332300 21.41413400 691 243.25
224.62684900 21.42556600 686 213.125
224.66721800 21.38674900 578.9688 302.0938