215.4402881276638 23.6906749937321 1083.5 113.9
215.5769629881929 23.5953605798611 740 330 
215.7061677991033 23.6116393623716 441 259.8 
215.8378813740010 23.5303660648310 111 440 
215.7083946379511 23.4023448697434 386 797
215.3550714860339 23.6161997762927 1267 323
215.7630914773057 23.3980770455851 256 796
215.5988654983366 23.7584614225907 742 60 
215.3763087882778 23.6717063331752 1230 176.4
215.5988654983366 23.7584614225907 742 59.6
215.4084987886618 23.4340390121651 1099.5 779.5
215.7270470632143 23.5425659964801 375 433
